957026748686553099
957026723906600981
957026796249948250
957026776658370560
957026742462201876
957026770136236103
957026736401440818
957026774989025301
957026768806629386
957026780299022459
957026782387765268
957026762301272094
957026773583949824
957026759738540132
957026743032639509
957026763416948757
957026790700904518
957026793318121512
957026752230740039
957026784862425108
957026740079820831
957026729577316434
957026778394796032
957026753623240724
957026735147339776
957026756949331988
957026760489320540
957026764964655215
957026734035857478
957026771860062238
957026787630657596
957026726213455903
957026727576617020
957026747310825552
957026755766538301
957026749999362069
957026745670860842
957026725588512838
957026766755627008
957026738439852143
957026730638475324
957026737064140873
957026728562286643
957026754395005000
957026744630648832
957026758203433010
957026751144411187
957026741484945438
