309204025512034306
585705794620751872
774704427310252062
410116433696260119
220230893380435968
119273243373731846
227879261355114496
294415683356196865
437329730837020683
534629829811896330
805527877981831168
278503127265705984
648722652260859905
274314812006203405
223498289255940096
360496953752158219
162684020671381504
712452393484288090
606191831981621248
331225881718685697
618975004465299457
162918320218177537
797741262328430592
607354154108715156
747211541010448535
516786271545327617
534589798267224065
662161096873869329
345622594831253514
347948336474750976
739823232651100180
461678139874082827
218518537528934400
789119644022734859
571754281263431695
447634344270495754
247375643480686593
603541055530598400
302050872383242240
415235800838701066
929071776925909062
782422462197268510
160663678608211968
294882584201003009
589481443604824074
765945316469899305
177029382286606336
364470771872956418
746293612819775578
226095600213557260
668209898982473769
851888360040824852
669378566336544768
268478587651358721
516332375391862834
239430706869043201
267790083975806977
928033327489900565
582409247984320530
647294285150158850
353179898543865856
555341168544841729
282286160494067712
739815475030130738
417225261252214804
669228505128501258
369150124473057281
577184179796705280
417048805909725184
919311155342737429
479681808955473940
155343351636295680
519315683289464835
557657897098543107
696154933455749269
555415678270832654
332726380749914113
597776518441336862
261287012663820289
748291221927100577
850063880264089621
757589223045070899
758417945986072618
757706797120356433
695383414332981379
627265805108903947
364532130606481420
720817356393414667
296999096009621505
275813801792634880
812442902113943562
928322656833519657
711713287733117019
278785775917596672
767325019445133312
631782280616083466
928653069456142406
793797527643488286
547401921221099544
456108418273509377
777326938645200897
374377609074573323
346123332346707968
802346712000626698
349155229754982401
269899010494562304
593460874946019328
478779676404482049
305539011185999882
583100133302992896
759171167793053706
845775897533087754
253798825729327105
404826316651626507
423886958675230731
757396732555296891
706459427561013288
612142055757447168
842976383197773925
705796017072767056
691396864108527679
812825762154676274
224604600710201347
928757145871220757
813658818969075712
807683349153316915
357542117775769613
426813169114021893
839353390101168139
602628186215546905
934105628866117675
597094676368982053
611704256592084995
312936239479390209
280212468062486528
383710731163402240
395410163030556674
729945713898684446
547157826905178113
731357337150816256
527358828711378944
846889580912312360
716829723384086541
736426004796670052
828042158313046077
616605235208781843
757345759178784778
772593348526604289
722549429709701145
817761705878749186
823024031712149514
694678861614678128
526460890711851048
136292248147984384
503681352336408577
371502222263058433
346525881327681548
928330354576748564
528042440284700713
473612907775524865
268906088743567360
339150177925595136
335603402467966977
779765549814251530
351072565688795138
508797443412852772
523669201978785805
745460729347571882
550688405198077952
274380746037133312
374631274440032258
524545621152104450
928052426735493190
929097727856508959
928049896588726342
788910212219535361
724731650218524753
928340639198879865
353023027543539712
929034247270969434
342913250112831499
545703614803476481
360874962338316289
752167997409329182
482962757101158422
111599032379392000
774819131274690570
583402045588111370
828698053740462172
471549495159554058
928654910969499730
397876688421126145
303648073786064896
781374862605156362
928047365837971456
882889473598324798
807458275888594965
743167733192982548
759495505880416257
101071713990606848
681150756728209468
292352961881833473
398657733064261632
929032996961550386
762256106906845194
577073504281821194
710237606247399455
390659967277072385
757618208256688300
757072007597654107
736593267101139054
345422878457724928
652109395177635871
929020295560454155
744649599482069164
660572187127971840
653813941528690690
162369269428912128
929072990916862062
723640896108888165
855126998968041513
803025843298500630
539884648117829685
928297161530175539
710274721262076005
484452835942072353
853879876645814282
928266694684737556
798369769362685992
665745596325560360
709380450887663739
159814518766174208
708386691660120094
864714986949705769
928281549433077810
842447268899455046
752609452695224342
806797452694519858
688620593653874790
629458758074105874
592101100350341120
422426609493082112
302482798193803265
691402366809014332
753098414949924934
456839851116068876
928298431955492864
580189266903040044
928304769150369911
928754623177695333
733445320381300857
353078541077839872
707377545598992455
810661547457118228
668256201443639326
378430172161900554
833912878335000596
901554616603385876
560325392494493706
412455327578062849
915386109343719425
624892755910459424
725379834192068629
669964723084722217
928303501946261565
928300979785445427
828193593020776449
929021559174205440
532550375266451456
212751637347958785
777055569130684426
837726670268923975
700083251431079966
797622781277372428
929017760128831558
934164486863089664
793180436217331722
304282573771898891
307945182479908864
928341906096803860
378641145640517644
232298139619426305
932683569673953300
928987564835233813
929087939198193706
928293356709249114
731744601618251786
608680132017782785
598186490706788368
801143027732971543
829758417127473182
725911592394424410
144640987476656128
679380565488828468
425283175837859851
725803350272114758
648263965633413151
805826410673209385
861776810193584157
295025041589010433
762102721825996830
282577696033210368
588426729651961899
837456364715507732
778778975693963304
671956395368644608
550900533427175424
699812562157699122
582369056074629130
664897550855176204
615045451288281088
805482430478811149
796979582695636992
793584288720617555
264085543330119680
399128120197775371
870491832587534346
908523700503064638
928057489268822037
810735192838111292
572598208396525578
744055975874658405
860440093193928754
335665176525144066
656939283659358221
718720770032926730
708159665552228422
904726863123996702
721885690484228187
437019700413857792
396760693069840384
315628237965230083
399967656842625024
479784811708416000
762805372837691393
884307734797910027
552079156238876672
836558770241798194
727750618193723392
442256698904805377
848697362531483678
732725196288557097
721726429322280991
841403314633310228
556564558316044288
451206054215155722
751736481118289951
852319118677245953
901564523507503104
324057307208089600
310946334540562433
522231276598460463
378985100546670592
929016517801156618
271779702941810688
568122543605809182
148975667436847104
583394092075974666
734249694951112765
536023471302639616
255498406468911104
726928439713595424
219644994129100801
934608313176432640
512372548978081825
779211183277867059
318538996038893568
767578842486800425
311954616503762946
776132990203592715
181102573523173376
457572547043524618
770831843565633537
337456586815700995
928350789234229248
597490383668379653
309078704397484042
715265068928860231
829745554821087283
781361601529249802
871163472950493195
551236709833113600
535162160024911872
587168915805831191
928331633642336336
382436334335295490
723759707633745923
429009056334872578
703018037313405009
928040918064443472
868021220187185193
934106212654522449
759966192743350282
511651796171882505
627342737410228245
312764655099445251
694189428838629428
540044190822694913
803680024678105219
928352049295425578
835225851817623552
685628232766455834
873359816175804446
893965356270510130
703542417676173414
802985073212129281
793970250353606688
292673067040243712
769769546864132117
411070125857308682
704818714570260541
622990765785874433
806040182439804978
153524275553370112
394327796253589506
620376047942238228
171479278720909313
628638473477292033
704757727402131476
928000611557974026
838891326471667832
770146575397552169
929075602567335977
679817837023461376
634215352284217364
934106605883125880
928332944320376892
811636903631126558
810395496539357226
929039351231434823
665792431047966720
415678859539775500
699388260656480377
929022822582464532
794059439543812097
772281296055173160
717382617061785680
406446645711208458
216303189073461248
753070533095981076
683098669645561884
685238978789769226
928339995775873045
624701794718842901
137900943231549440
309056660108869632
407218314675355650
282907352317820929
928327830243278848
928349517898731521
871497077841080390
811957195104059396
461600546672082974
295047933315776512
712043282707906671
803004522213408839
670860593892425759
326070852082728972
802301441762918420
928267951625338933
590258718428495885
785027800150704139
825170922302341176
794021342633525289
682619954822250537
928046097421721650
721414482341003314
558816147584057356
929089167982477332
414254742211133460
929036989133647912
802347594507354112
188427473900404736
251170124466225152
753083671703191623
837744915131138058
741559161837584405
530032993385971742
401692820768948225
807662807540563999
847181057752825857
756669506218229811
641853721336348672
526874703630041111
928345714684203028
805040959082725416
505571182070988800
314217493378105344
928292167548538961
928038397086425168
661330461137829901
929083221713510491
350404391079247895
929015245136068608
696139459900735501
267527998813634560
158002196238041089
770291743567511582
637674582953951262
802195691610964051
747866277665701930
624411016037662770
616061162873683972
929019024661176392
674838002157223985
928975117869019166
928344440366563388
697531339385208913
729754668955074570
793483859148144672
880891061919178814
770067725136953344
739770800906960946
928655833452126219
928343168972374057
929027925238485083
763877190747160596
928990056499257374
272456391732756480
785173879055843389
528356143840493573
929081902642626560
485518180572332054
335279983511601173
845288911084191744
914600415365042246
529901433080905730
497181570600534047
391811872233357313
679783967745900547
305582972403318785
720482867401981983
675110597242650654
409729073082925066
760735766409248819
751769655189831740
638642050086207508
694870674862243860
217774592775684097
291178234328907776
619985333676671040
807624017036050473
384518084465262593
196806401388052481
927144177672781874
282767751687438336
798760614667091988
928348474888581180
808737920650575882
888205898651164716
335547626286088202
647863536151691264
423600454019317781
928295891570397264
141319216891559936
306964659624476674
795656574848860193
888458907972943893
814070433150140427
388904072196915211
690336063964839936
719580676701028364
929025374145368094
453694725614993419
724710832851910739
744585921914994879
757378991182184469
928051161406263378
737327351771300001
810688741747720202
338540995643965443
928346983884795994
929024092944863292
705575259176304712
825446873589612586
928755904210436107
928056255820476427
443170764980617226
237355651335061505
698967055881470043
319299338528358401
180007019409833984
780878634184867872
272435298384740354
929026635330650143
621754201331990538
812531711073976330
850532074468933662
549704955041284116
642405862836535316
592238961993449501
741327848979038258
663599387515289607
782233984921894943
542838999048257540
663495099359035402
463508218186956800
790476666740801586
228207931475230721
843336218133004308
929080734361210912
928294646415769611
677602187626414080
928299773805600768
692834525717201006
540721937287217168
477664899820945408
150378121818800129
707634883266347178
313429703895678987
597976570598129675
713064444560801812
561857351653523476
818385067327750146
560622166308028426
643125619504316446
385452868716462080
649331788832833580
771411865459884043
928329081160888331
928048627383926834
502332558932181002
582050305034682408
929031712753725462
563417669185962005
747442172978266153
797814157948878899
751817803266261032
412768838279495681
558377847471865856
673244265715073026
523994858981949451
516074879192268821
710125086753030245
344989986870788097
145251719377453066
694688864765476907
808452531708756029
768591260692381717
